path	tokens	reads	description
customers/acme.yaml	352	0	YAML configuration/data
customers/beta.yaml	404	0	YAML configuration/data
customers/gamma.yaml	293	0	YAML configuration/data
